static_obstacles = {
    '1a':None,
    '1b':None,
    '1c':None,
    '2a':[(2.2, 2.7), (2.5, 2.4), (2.5, 2.7), (2.5, 3.0), (2.8,2.8)],
    '2b':[(2.2, 2.7), (2.5, 2.4), (2.5, 2.7), (2.5, 3.0), (2.8,2.8)],
    '2c':[(2.2, 2.7), (2.5, 2.4), (2.5, 2.7), (2.5, 3.0), (2.8,2.8)],
    '3a':[(2.55, 1.65), (1.35, 3.2), (4.4, 0.88)],
    '3b':[(2.75, 1.85), (0.95, 3.41), (2.75, 5.2)],
    '3c':[(2.75, 1.85), (0.95, 3.41), (2.75, 5.2)]
}

human_obstacles = {
    '1':[(3.78, 0.35), (2.65, 3.35), (1.29, 4.5)],
    '2':[(2.01, 1.55), (4.02, 0.88), (2.05, 5.16)],
    '3':[(4.12, 0.65), (1.1, 5.4), (2.8, 3.7)]
}